{
 "cells": [
  {
   "cell_type": "code",
   "execution_count": 1,
   "metadata": {},
   "outputs": [],
   "source": [
    "from sklearn.decomposition import PCA\n",
    "import numpy as np\n",
    "import matplotlib.pyplot as plt\n",
    "import seaborn as sns\n",
    "import pandas as pd\n",
    "%matplotlib inline"
   ]
  },
  {
   "cell_type": "code",
   "execution_count": 2,
   "metadata": {},
   "outputs": [],
   "source": [
    "popdf=pd.read_pickle('mergeddfclean.p')"
   ]
  },
  {
   "cell_type": "code",
   "execution_count": 3,
   "metadata": {},
   "outputs": [],
   "source": [
    "#remove the top percentiles from the price changed a lot, and then create a new column\n",
    "#where 0 is price != increase, and 1 is price increased, run a logistic regression and see what\n",
    "q = popdf[\"price\"].quantile(0.98)\n",
    "popdf = popdf[popdf[\"price\"] < q]\n",
    "\n",
    "q = popdf[\"price\"].quantile(0.02)\n",
    "popdf  = popdf[popdf[\"price\"] > q]\n"
   ]
  },
  {
   "cell_type": "code",
   "execution_count": 4,
   "metadata": {},
   "outputs": [
    {
     "name": "stdout",
     "output_type": "stream",
     "text": [
      "<class 'pandas.core.frame.DataFrame'>\n",
      "Int64Index: 190 entries, 0 to 189\n",
      "Data columns (total 5 columns):\n",
      "mortgrate    190 non-null float64\n",
      "unemp        190 non-null float64\n",
      "month        190 non-null int64\n",
      "year         190 non-null int64\n",
      "cpi          189 non-null float64\n",
      "dtypes: float64(3), int64(2)\n",
      "memory usage: 8.9 KB\n"
     ]
    },
    {
     "data": {
      "text/html": [
       "<div>\n",
       "<style scoped>\n",
       "    .dataframe tbody tr th:only-of-type {\n",
       "        vertical-align: middle;\n",
       "    }\n",
       "\n",
       "    .dataframe tbody tr th {\n",
       "        vertical-align: top;\n",
       "    }\n",
       "\n",
       "    .dataframe thead th {\n",
       "        text-align: right;\n",
       "    }\n",
       "</style>\n",
       "<table border=\"1\" class=\"dataframe\">\n",
       "  <thead>\n",
       "    <tr style=\"text-align: right;\">\n",
       "      <th></th>\n",
       "      <th>mortgrate</th>\n",
       "      <th>unemp</th>\n",
       "      <th>month</th>\n",
       "      <th>year</th>\n",
       "      <th>cpi</th>\n",
       "    </tr>\n",
       "  </thead>\n",
       "  <tbody>\n",
       "    <tr>\n",
       "      <th>count</th>\n",
       "      <td>190.000000</td>\n",
       "      <td>190.000000</td>\n",
       "      <td>190.000000</td>\n",
       "      <td>190.000000</td>\n",
       "      <td>189.000000</td>\n",
       "    </tr>\n",
       "    <tr>\n",
       "      <th>mean</th>\n",
       "      <td>-0.003676</td>\n",
       "      <td>0.001663</td>\n",
       "      <td>6.457895</td>\n",
       "      <td>2008.336842</td>\n",
       "      <td>0.001742</td>\n",
       "    </tr>\n",
       "    <tr>\n",
       "      <th>std</th>\n",
       "      <td>0.033807</td>\n",
       "      <td>0.026861</td>\n",
       "      <td>3.454284</td>\n",
       "      <td>4.588023</td>\n",
       "      <td>0.004021</td>\n",
       "    </tr>\n",
       "    <tr>\n",
       "      <th>min</th>\n",
       "      <td>-0.124795</td>\n",
       "      <td>-0.060000</td>\n",
       "      <td>1.000000</td>\n",
       "      <td>2000.000000</td>\n",
       "      <td>-0.019153</td>\n",
       "    </tr>\n",
       "    <tr>\n",
       "      <th>25%</th>\n",
       "      <td>-0.025196</td>\n",
       "      <td>-0.018182</td>\n",
       "      <td>3.250000</td>\n",
       "      <td>2004.000000</td>\n",
       "      <td>-0.000976</td>\n",
       "    </tr>\n",
       "    <tr>\n",
       "      <th>50%</th>\n",
       "      <td>-0.007365</td>\n",
       "      <td>0.000000</td>\n",
       "      <td>6.000000</td>\n",
       "      <td>2008.000000</td>\n",
       "      <td>0.001966</td>\n",
       "    </tr>\n",
       "    <tr>\n",
       "      <th>75%</th>\n",
       "      <td>0.011312</td>\n",
       "      <td>0.017779</td>\n",
       "      <td>9.000000</td>\n",
       "      <td>2012.000000</td>\n",
       "      <td>0.004462</td>\n",
       "    </tr>\n",
       "    <tr>\n",
       "      <th>max</th>\n",
       "      <td>0.149718</td>\n",
       "      <td>0.080000</td>\n",
       "      <td>12.000000</td>\n",
       "      <td>2016.000000</td>\n",
       "      <td>0.012220</td>\n",
       "    </tr>\n",
       "  </tbody>\n",
       "</table>\n",
       "</div>"
      ],
      "text/plain": [
       "        mortgrate       unemp       month         year         cpi\n",
       "count  190.000000  190.000000  190.000000   190.000000  189.000000\n",
       "mean    -0.003676    0.001663    6.457895  2008.336842    0.001742\n",
       "std      0.033807    0.026861    3.454284     4.588023    0.004021\n",
       "min     -0.124795   -0.060000    1.000000  2000.000000   -0.019153\n",
       "25%     -0.025196   -0.018182    3.250000  2004.000000   -0.000976\n",
       "50%     -0.007365    0.000000    6.000000  2008.000000    0.001966\n",
       "75%      0.011312    0.017779    9.000000  2012.000000    0.004462\n",
       "max      0.149718    0.080000   12.000000  2016.000000    0.012220"
      ]
     },
     "execution_count": 4,
     "metadata": {},
     "output_type": "execute_result"
    }
   ],
   "source": [
    "import pandas as pd\n",
    "import seaborn as sns\n",
    "rates=pd.read_pickle('mortunempcpi.p')\n",
    "rates.info()\n",
    "rates.describe()"
   ]
  },
  {
   "cell_type": "code",
   "execution_count": 5,
   "metadata": {},
   "outputs": [
    {
     "data": {
      "text/html": [
       "<div>\n",
       "<style scoped>\n",
       "    .dataframe tbody tr th:only-of-type {\n",
       "        vertical-align: middle;\n",
       "    }\n",
       "\n",
       "    .dataframe tbody tr th {\n",
       "        vertical-align: top;\n",
       "    }\n",
       "\n",
       "    .dataframe thead th {\n",
       "        text-align: right;\n",
       "    }\n",
       "</style>\n",
       "<table border=\"1\" class=\"dataframe\">\n",
       "  <thead>\n",
       "    <tr style=\"text-align: right;\">\n",
       "      <th></th>\n",
       "      <th>mortgrate</th>\n",
       "      <th>unemp</th>\n",
       "      <th>month</th>\n",
       "      <th>year</th>\n",
       "      <th>cpi</th>\n",
       "    </tr>\n",
       "    <tr>\n",
       "      <th>period</th>\n",
       "      <th></th>\n",
       "      <th></th>\n",
       "      <th></th>\n",
       "      <th></th>\n",
       "      <th></th>\n",
       "    </tr>\n",
       "  </thead>\n",
       "  <tbody>\n",
       "    <tr>\n",
       "      <th>2000-12-01</th>\n",
       "      <td>-0.047742</td>\n",
       "      <td>0.000000</td>\n",
       "      <td>12</td>\n",
       "      <td>2000</td>\n",
       "      <td>NaN</td>\n",
       "    </tr>\n",
       "    <tr>\n",
       "      <th>2001-01-01</th>\n",
       "      <td>-0.047425</td>\n",
       "      <td>0.076923</td>\n",
       "      <td>1</td>\n",
       "      <td>2001</td>\n",
       "      <td>0.006322</td>\n",
       "    </tr>\n",
       "    <tr>\n",
       "      <th>2001-02-01</th>\n",
       "      <td>0.002845</td>\n",
       "      <td>0.000000</td>\n",
       "      <td>2</td>\n",
       "      <td>2001</td>\n",
       "      <td>0.003998</td>\n",
       "    </tr>\n",
       "    <tr>\n",
       "      <th>2001-03-01</th>\n",
       "      <td>-0.014184</td>\n",
       "      <td>0.023810</td>\n",
       "      <td>3</td>\n",
       "      <td>2001</td>\n",
       "      <td>0.002275</td>\n",
       "    </tr>\n",
       "    <tr>\n",
       "      <th>2001-04-01</th>\n",
       "      <td>0.018705</td>\n",
       "      <td>0.023256</td>\n",
       "      <td>4</td>\n",
       "      <td>2001</td>\n",
       "      <td>0.003973</td>\n",
       "    </tr>\n",
       "  </tbody>\n",
       "</table>\n",
       "</div>"
      ],
      "text/plain": [
       "            mortgrate     unemp  month  year       cpi\n",
       "period                                                \n",
       "2000-12-01  -0.047742  0.000000     12  2000       NaN\n",
       "2001-01-01  -0.047425  0.076923      1  2001  0.006322\n",
       "2001-02-01   0.002845  0.000000      2  2001  0.003998\n",
       "2001-03-01  -0.014184  0.023810      3  2001  0.002275\n",
       "2001-04-01   0.018705  0.023256      4  2001  0.003973"
      ]
     },
     "execution_count": 5,
     "metadata": {},
     "output_type": "execute_result"
    }
   ],
   "source": [
    "rates[\"period\"] = rates[\"year\"].map(str) + '-' + rates[\"month\"].map(str)\n",
    "rates['period'] =  pd.to_datetime(rates['period'], format='%Y-%m')\n",
    "rates.set_index('period', inplace=True)\n",
    "#rates['period'].reset_index()\n",
    "rates.head()"
   ]
  },
  {
   "cell_type": "code",
   "execution_count": 6,
   "metadata": {},
   "outputs": [],
   "source": [
    "popdf.columns\n",
    "popdf.set_index('Year', inplace=True)\n",
    "popdf['month'] = pd.DatetimeIndex(popdf.index).month\n",
    "popdf['year']=pd.DatetimeIndex(popdf.index).year"
   ]
  },
  {
   "cell_type": "code",
   "execution_count": 7,
   "metadata": {},
   "outputs": [
    {
     "name": "stdout",
     "output_type": "stream",
     "text": [
      "(9320, 13)\n"
     ]
    }
   ],
   "source": [
    "ratespop=pd.merge(rates, popdf, how='inner', left_on=['month', 'year'],right_on=['month', 'year'])\n",
    "print(ratespop.shape)\n",
    "ratespop2=ratespop.drop('year', axis=1)\n",
    "ratespop2=ratespop2.drop('month', axis=1)\n",
    "ratespop2=ratespop2.drop('county', axis=1)\n",
    "ratespop2=ratespop2.drop('price', axis=1)"
   ]
  },
  {
   "cell_type": "code",
   "execution_count": 8,
   "metadata": {},
   "outputs": [
    {
     "data": {
      "text/html": [
       "<div>\n",
       "<style scoped>\n",
       "    .dataframe tbody tr th:only-of-type {\n",
       "        vertical-align: middle;\n",
       "    }\n",
       "\n",
       "    .dataframe tbody tr th {\n",
       "        vertical-align: top;\n",
       "    }\n",
       "\n",
       "    .dataframe thead th {\n",
       "        text-align: right;\n",
       "    }\n",
       "</style>\n",
       "<table border=\"1\" class=\"dataframe\">\n",
       "  <thead>\n",
       "    <tr style=\"text-align: right;\">\n",
       "      <th></th>\n",
       "      <th>mortgrate</th>\n",
       "      <th>unemp</th>\n",
       "      <th>cpi</th>\n",
       "      <th>RDEATH2016</th>\n",
       "      <th>RNETMIG2016</th>\n",
       "      <th>RNATURALINC2016</th>\n",
       "      <th>RINTERNATIONALMIG2016</th>\n",
       "      <th>RDOMESTICMIG2016</th>\n",
       "      <th>RBIRTH2016</th>\n",
       "    </tr>\n",
       "  </thead>\n",
       "  <tbody>\n",
       "    <tr>\n",
       "      <th>mortgrate</th>\n",
       "      <td>1.000000</td>\n",
       "      <td>-0.196445</td>\n",
       "      <td>0.787337</td>\n",
       "      <td>-0.034643</td>\n",
       "      <td>-0.043474</td>\n",
       "      <td>0.023922</td>\n",
       "      <td>-0.054041</td>\n",
       "      <td>-0.033806</td>\n",
       "      <td>0.003776</td>\n",
       "    </tr>\n",
       "    <tr>\n",
       "      <th>unemp</th>\n",
       "      <td>-0.196445</td>\n",
       "      <td>1.000000</td>\n",
       "      <td>-0.734586</td>\n",
       "      <td>0.041237</td>\n",
       "      <td>-0.002148</td>\n",
       "      <td>-0.027799</td>\n",
       "      <td>0.013611</td>\n",
       "      <td>-0.004671</td>\n",
       "      <td>-0.003367</td>\n",
       "    </tr>\n",
       "    <tr>\n",
       "      <th>cpi</th>\n",
       "      <td>0.787337</td>\n",
       "      <td>-0.734586</td>\n",
       "      <td>1.000000</td>\n",
       "      <td>-0.046036</td>\n",
       "      <td>-0.031679</td>\n",
       "      <td>0.030251</td>\n",
       "      <td>-0.039785</td>\n",
       "      <td>-0.024559</td>\n",
       "      <td>0.002454</td>\n",
       "    </tr>\n",
       "    <tr>\n",
       "      <th>RDEATH2016</th>\n",
       "      <td>-0.034643</td>\n",
       "      <td>0.041237</td>\n",
       "      <td>-0.046036</td>\n",
       "      <td>1.000000</td>\n",
       "      <td>-0.163762</td>\n",
       "      <td>-0.824252</td>\n",
       "      <td>-0.443752</td>\n",
       "      <td>-0.083083</td>\n",
       "      <td>-0.331764</td>\n",
       "    </tr>\n",
       "    <tr>\n",
       "      <th>RNETMIG2016</th>\n",
       "      <td>-0.043474</td>\n",
       "      <td>-0.002148</td>\n",
       "      <td>-0.031679</td>\n",
       "      <td>-0.163762</td>\n",
       "      <td>1.000000</td>\n",
       "      <td>0.038587</td>\n",
       "      <td>0.127528</td>\n",
       "      <td>0.983157</td>\n",
       "      <td>-0.106269</td>\n",
       "    </tr>\n",
       "    <tr>\n",
       "      <th>RNATURALINC2016</th>\n",
       "      <td>0.023922</td>\n",
       "      <td>-0.027799</td>\n",
       "      <td>0.030251</td>\n",
       "      <td>-0.824252</td>\n",
       "      <td>0.038587</td>\n",
       "      <td>1.000000</td>\n",
       "      <td>0.413095</td>\n",
       "      <td>-0.037277</td>\n",
       "      <td>0.807610</td>\n",
       "    </tr>\n",
       "    <tr>\n",
       "      <th>RINTERNATIONALMIG2016</th>\n",
       "      <td>-0.054041</td>\n",
       "      <td>0.013611</td>\n",
       "      <td>-0.039785</td>\n",
       "      <td>-0.443752</td>\n",
       "      <td>0.127528</td>\n",
       "      <td>0.413095</td>\n",
       "      <td>1.000000</td>\n",
       "      <td>-0.055890</td>\n",
       "      <td>0.226079</td>\n",
       "    </tr>\n",
       "    <tr>\n",
       "      <th>RDOMESTICMIG2016</th>\n",
       "      <td>-0.033806</td>\n",
       "      <td>-0.004671</td>\n",
       "      <td>-0.024559</td>\n",
       "      <td>-0.083083</td>\n",
       "      <td>0.983157</td>\n",
       "      <td>-0.037277</td>\n",
       "      <td>-0.055890</td>\n",
       "      <td>1.000000</td>\n",
       "      <td>-0.148635</td>\n",
       "    </tr>\n",
       "    <tr>\n",
       "      <th>RBIRTH2016</th>\n",
       "      <td>0.003776</td>\n",
       "      <td>-0.003367</td>\n",
       "      <td>0.002454</td>\n",
       "      <td>-0.331764</td>\n",
       "      <td>-0.106269</td>\n",
       "      <td>0.807610</td>\n",
       "      <td>0.226079</td>\n",
       "      <td>-0.148635</td>\n",
       "      <td>1.000000</td>\n",
       "    </tr>\n",
       "  </tbody>\n",
       "</table>\n",
       "</div>"
      ],
      "text/plain": [
       "                       mortgrate     unemp       cpi  RDEATH2016  RNETMIG2016  \\\n",
       "mortgrate               1.000000 -0.196445  0.787337   -0.034643    -0.043474   \n",
       "unemp                  -0.196445  1.000000 -0.734586    0.041237    -0.002148   \n",
       "cpi                     0.787337 -0.734586  1.000000   -0.046036    -0.031679   \n",
       "RDEATH2016             -0.034643  0.041237 -0.046036    1.000000    -0.163762   \n",
       "RNETMIG2016            -0.043474 -0.002148 -0.031679   -0.163762     1.000000   \n",
       "RNATURALINC2016         0.023922 -0.027799  0.030251   -0.824252     0.038587   \n",
       "RINTERNATIONALMIG2016  -0.054041  0.013611 -0.039785   -0.443752     0.127528   \n",
       "RDOMESTICMIG2016       -0.033806 -0.004671 -0.024559   -0.083083     0.983157   \n",
       "RBIRTH2016              0.003776 -0.003367  0.002454   -0.331764    -0.106269   \n",
       "\n",
       "                       RNATURALINC2016  RINTERNATIONALMIG2016  \\\n",
       "mortgrate                     0.023922              -0.054041   \n",
       "unemp                        -0.027799               0.013611   \n",
       "cpi                           0.030251              -0.039785   \n",
       "RDEATH2016                   -0.824252              -0.443752   \n",
       "RNETMIG2016                   0.038587               0.127528   \n",
       "RNATURALINC2016               1.000000               0.413095   \n",
       "RINTERNATIONALMIG2016         0.413095               1.000000   \n",
       "RDOMESTICMIG2016             -0.037277              -0.055890   \n",
       "RBIRTH2016                    0.807610               0.226079   \n",
       "\n",
       "                       RDOMESTICMIG2016  RBIRTH2016  \n",
       "mortgrate                     -0.033806    0.003776  \n",
       "unemp                         -0.004671   -0.003367  \n",
       "cpi                           -0.024559    0.002454  \n",
       "RDEATH2016                    -0.083083   -0.331764  \n",
       "RNETMIG2016                    0.983157   -0.106269  \n",
       "RNATURALINC2016               -0.037277    0.807610  \n",
       "RINTERNATIONALMIG2016         -0.055890    0.226079  \n",
       "RDOMESTICMIG2016               1.000000   -0.148635  \n",
       "RBIRTH2016                    -0.148635    1.000000  "
      ]
     },
     "execution_count": 8,
     "metadata": {},
     "output_type": "execute_result"
    }
   ],
   "source": [
    "ratespop2.corr()"
   ]
  },
  {
   "cell_type": "code",
   "execution_count": 9,
   "metadata": {},
   "outputs": [
    {
     "name": "stdout",
     "output_type": "stream",
     "text": [
      "<class 'pandas.core.frame.DataFrame'>\n",
      "Int64Index: 9320 entries, 0 to 9319\n",
      "Data columns (total 9 columns):\n",
      "mortgrate                9320 non-null float64\n",
      "unemp                    9320 non-null float64\n",
      "cpi                      9320 non-null float64\n",
      "RDEATH2016               9320 non-null float64\n",
      "RNETMIG2016              9320 non-null float64\n",
      "RNATURALINC2016          9320 non-null float64\n",
      "RINTERNATIONALMIG2016    9320 non-null float64\n",
      "RDOMESTICMIG2016         9320 non-null float64\n",
      "RBIRTH2016               9320 non-null float64\n",
      "dtypes: float64(9)\n",
      "memory usage: 728.1 KB\n"
     ]
    }
   ],
   "source": [
    "ratespop2.info()"
   ]
  },
  {
   "cell_type": "code",
   "execution_count": 10,
   "metadata": {},
   "outputs": [
    {
     "data": {
      "text/plain": [
       "mortgrate                0\n",
       "unemp                    0\n",
       "cpi                      0\n",
       "RDEATH2016               0\n",
       "RNETMIG2016              0\n",
       "RNATURALINC2016          0\n",
       "RINTERNATIONALMIG2016    0\n",
       "RDOMESTICMIG2016         0\n",
       "RBIRTH2016               0\n",
       "dtype: int64"
      ]
     },
     "execution_count": 10,
     "metadata": {},
     "output_type": "execute_result"
    }
   ],
   "source": [
    "ratespop2.isnull().sum()"
   ]
  },
  {
   "cell_type": "code",
   "execution_count": 11,
   "metadata": {},
   "outputs": [
    {
     "name": "stdout",
     "output_type": "stream",
     "text": [
      "[1.67908255e+02 2.39359359e+01 4.22729487e+00 2.84591986e+00\n",
      " 4.13845496e-04 2.55274324e-04 3.26655239e-07 4.16245315e-19\n",
      " 4.93679942e-20]\n",
      "[[-5.75861450e-05 -4.71063249e-06 -7.21261657e-06 -2.41443316e-02\n",
      "   7.09187299e-01  4.93697020e-04  4.99565538e-03  7.04191643e-01\n",
      "  -2.36506346e-02]\n",
      " [ 7.44030862e-05 -9.01102057e-05  1.78621642e-05 -4.18736166e-01\n",
      "   8.18247490e-02  7.98800946e-01  1.67571142e-01 -8.57463934e-02\n",
      "   3.80064780e-01]\n",
      " [-1.42592704e-04 -4.51430102e-05 -3.72093731e-06 -4.79140439e-01\n",
      "   2.33912341e-01 -1.24467989e-01  5.09713428e-01 -2.75801087e-01\n",
      "  -6.03608428e-01]\n",
      " [-9.72809841e-04  4.87978541e-04 -1.60717395e-04  5.11045857e-01\n",
      "   3.19858725e-01 -1.14416519e-01  6.15429387e-01 -2.95570662e-01\n",
      "   3.96629337e-01]\n",
      " [-8.57906849e-01  4.89241488e-01 -1.56962969e-01 -5.58294765e-04\n",
      "  -4.00110339e-04  2.26661827e-04 -7.09160282e-04  3.09049362e-04\n",
      "  -3.31633017e-04]\n",
      " [ 5.00974751e-01  8.64338415e-01 -4.40838431e-02 -4.10759223e-05\n",
      "   7.10158610e-05  1.26660817e-05  9.93125234e-05 -2.82973779e-05\n",
      "  -2.84102642e-05]\n",
      " [ 1.14101540e-01 -1.16454384e-01 -9.86620097e-01  1.80760782e-06\n",
      "   3.79585485e-06 -3.06271473e-06  9.20332158e-06 -5.41943011e-06\n",
      "  -1.24756980e-06]\n",
      " [ 7.06191872e-10 -2.81076676e-10 -6.87269638e-09 -1.72223542e-03\n",
      "  -5.77347700e-01 -1.72223543e-03  5.77347700e-01  5.77347700e-01\n",
      "   1.72223542e-03]\n",
      " [ 4.15714576e-10 -7.41591781e-10 -4.29581847e-09  5.77347700e-01\n",
      "  -1.72223542e-03  5.77347700e-01  1.72223542e-03  1.72223542e-03\n",
      "  -5.77347700e-01]]\n",
      "Explained variance:             [8.44107580e-01 1.20330623e-01 2.12514366e-02 1.43069948e-02\n",
      " 2.08048211e-06 1.28331387e-06 1.64215966e-09 2.09254647e-21\n",
      " 2.48182546e-22]\n",
      "Cumulative explained variance:  [0.84410758 0.9644382  0.98568964 0.99999663 0.99999872 1.\n",
      " 1.         1.         1.        ]\n"
     ]
    }
   ],
   "source": [
    "pca=PCA()\n",
    "pca=pca.fit(ratespop2)\n",
    "print(pca.explained_variance_)\n",
    "print(pca.components_)\n",
    "\n",
    "var_exp = pca.explained_variance_ratio_\n",
    "print('Explained variance:            ', var_exp)\n",
    "\n",
    "cum_var_exp = np.cumsum(var_exp)\n",
    "print('Cumulative explained variance: ', cum_var_exp)"
   ]
  },
  {
   "cell_type": "code",
   "execution_count": 12,
   "metadata": {},
   "outputs": [
    {
     "data": {
      "text/html": [
       "<div>\n",
       "<style scoped>\n",
       "    .dataframe tbody tr th:only-of-type {\n",
       "        vertical-align: middle;\n",
       "    }\n",
       "\n",
       "    .dataframe tbody tr th {\n",
       "        vertical-align: top;\n",
       "    }\n",
       "\n",
       "    .dataframe thead th {\n",
       "        text-align: right;\n",
       "    }\n",
       "</style>\n",
       "<table border=\"1\" class=\"dataframe\">\n",
       "  <thead>\n",
       "    <tr style=\"text-align: right;\">\n",
       "      <th></th>\n",
       "      <th>PC1</th>\n",
       "      <th>PC2</th>\n",
       "      <th>PC3</th>\n",
       "      <th>PC4</th>\n",
       "      <th>PC5</th>\n",
       "      <th>PC6</th>\n",
       "      <th>PC7</th>\n",
       "      <th>PC8</th>\n",
       "      <th>PC9</th>\n",
       "    </tr>\n",
       "  </thead>\n",
       "  <tbody>\n",
       "    <tr>\n",
       "      <th>0</th>\n",
       "      <td>7.257891</td>\n",
       "      <td>0.589137</td>\n",
       "      <td>-0.747965</td>\n",
       "      <td>-1.066789</td>\n",
       "      <td>-0.024137</td>\n",
       "      <td>-0.001601</td>\n",
       "      <td>0.001090</td>\n",
       "      <td>-9.965302e-13</td>\n",
       "      <td>6.240917e-11</td>\n",
       "    </tr>\n",
       "    <tr>\n",
       "      <th>1</th>\n",
       "      <td>20.332331</td>\n",
       "      <td>0.243135</td>\n",
       "      <td>-1.055247</td>\n",
       "      <td>0.251952</td>\n",
       "      <td>-0.026224</td>\n",
       "      <td>-0.001146</td>\n",
       "      <td>0.001086</td>\n",
       "      <td>1.258071e-10</td>\n",
       "      <td>-4.840771e-11</td>\n",
       "    </tr>\n",
       "    <tr>\n",
       "      <th>2</th>\n",
       "      <td>-3.007800</td>\n",
       "      <td>-1.626953</td>\n",
       "      <td>-2.167134</td>\n",
       "      <td>0.025785</td>\n",
       "      <td>-0.024945</td>\n",
       "      <td>-0.002120</td>\n",
       "      <td>0.001104</td>\n",
       "      <td>-4.799993e-12</td>\n",
       "      <td>1.193561e-10</td>\n",
       "    </tr>\n",
       "    <tr>\n",
       "      <th>3</th>\n",
       "      <td>1.244518</td>\n",
       "      <td>1.325772</td>\n",
       "      <td>-2.087272</td>\n",
       "      <td>-0.725813</td>\n",
       "      <td>-0.024005</td>\n",
       "      <td>-0.001895</td>\n",
       "      <td>0.001089</td>\n",
       "      <td>1.056484e-10</td>\n",
       "      <td>1.756811e-10</td>\n",
       "    </tr>\n",
       "    <tr>\n",
       "      <th>4</th>\n",
       "      <td>7.469657</td>\n",
       "      <td>-6.375063</td>\n",
       "      <td>0.335907</td>\n",
       "      <td>-0.476887</td>\n",
       "      <td>-0.025676</td>\n",
       "      <td>-0.001729</td>\n",
       "      <td>0.001113</td>\n",
       "      <td>7.944189e-11</td>\n",
       "      <td>-1.618510e-10</td>\n",
       "    </tr>\n",
       "  </tbody>\n",
       "</table>\n",
       "</div>"
      ],
      "text/plain": [
       "         PC1       PC2       PC3       PC4       PC5       PC6       PC7  \\\n",
       "0   7.257891  0.589137 -0.747965 -1.066789 -0.024137 -0.001601  0.001090   \n",
       "1  20.332331  0.243135 -1.055247  0.251952 -0.026224 -0.001146  0.001086   \n",
       "2  -3.007800 -1.626953 -2.167134  0.025785 -0.024945 -0.002120  0.001104   \n",
       "3   1.244518  1.325772 -2.087272 -0.725813 -0.024005 -0.001895  0.001089   \n",
       "4   7.469657 -6.375063  0.335907 -0.476887 -0.025676 -0.001729  0.001113   \n",
       "\n",
       "            PC8           PC9  \n",
       "0 -9.965302e-13  6.240917e-11  \n",
       "1  1.258071e-10 -4.840771e-11  \n",
       "2 -4.799993e-12  1.193561e-10  \n",
       "3  1.056484e-10  1.756811e-10  \n",
       "4  7.944189e-11 -1.618510e-10  "
      ]
     },
     "execution_count": 12,
     "metadata": {},
     "output_type": "execute_result"
    }
   ],
   "source": [
    "Z = pca.transform(ratespop2)\n",
    "\n",
    "features_pca = ['PC'+str(i+1) for i in range(pca.n_components_)]\n",
    "Z = pd.DataFrame(Z, columns=features_pca)\n",
    "Z.head(5)"
   ]
  },
  {
   "cell_type": "code",
   "execution_count": 13,
   "metadata": {},
   "outputs": [
    {
     "data": {
      "text/html": [
       "<div>\n",
       "<style scoped>\n",
       "    .dataframe tbody tr th:only-of-type {\n",
       "        vertical-align: middle;\n",
       "    }\n",
       "\n",
       "    .dataframe tbody tr th {\n",
       "        vertical-align: top;\n",
       "    }\n",
       "\n",
       "    .dataframe thead th {\n",
       "        text-align: right;\n",
       "    }\n",
       "</style>\n",
       "<table border=\"1\" class=\"dataframe\">\n",
       "  <thead>\n",
       "    <tr style=\"text-align: right;\">\n",
       "      <th></th>\n",
       "      <th>PC1</th>\n",
       "      <th>PC2</th>\n",
       "      <th>PC3</th>\n",
       "      <th>PC4</th>\n",
       "      <th>PC5</th>\n",
       "      <th>PC6</th>\n",
       "      <th>PC7</th>\n",
       "      <th>PC8</th>\n",
       "      <th>PC9</th>\n",
       "    </tr>\n",
       "  </thead>\n",
       "  <tbody>\n",
       "    <tr>\n",
       "      <th>PC1</th>\n",
       "      <td>1.000000e+00</td>\n",
       "      <td>-9.833328e-17</td>\n",
       "      <td>4.645427e-16</td>\n",
       "      <td>5.181215e-16</td>\n",
       "      <td>-4.913963e-14</td>\n",
       "      <td>-9.066585e-14</td>\n",
       "      <td>-1.216340e-12</td>\n",
       "      <td>-2.224904e-06</td>\n",
       "      <td>-8.506549e-07</td>\n",
       "    </tr>\n",
       "    <tr>\n",
       "      <th>PC2</th>\n",
       "      <td>-9.833328e-17</td>\n",
       "      <td>1.000000e+00</td>\n",
       "      <td>-6.171900e-16</td>\n",
       "      <td>-5.500069e-16</td>\n",
       "      <td>-3.065871e-15</td>\n",
       "      <td>-5.312801e-15</td>\n",
       "      <td>-1.346058e-12</td>\n",
       "      <td>6.078997e-07</td>\n",
       "      <td>1.338689e-06</td>\n",
       "    </tr>\n",
       "    <tr>\n",
       "      <th>PC3</th>\n",
       "      <td>4.645427e-16</td>\n",
       "      <td>-6.171900e-16</td>\n",
       "      <td>1.000000e+00</td>\n",
       "      <td>3.475992e-16</td>\n",
       "      <td>3.109778e-14</td>\n",
       "      <td>3.666252e-15</td>\n",
       "      <td>3.949139e-13</td>\n",
       "      <td>7.854969e-07</td>\n",
       "      <td>-1.789293e-06</td>\n",
       "    </tr>\n",
       "    <tr>\n",
       "      <th>PC4</th>\n",
       "      <td>5.181215e-16</td>\n",
       "      <td>-5.500069e-16</td>\n",
       "      <td>3.475992e-16</td>\n",
       "      <td>1.000000e+00</td>\n",
       "      <td>-2.013986e-14</td>\n",
       "      <td>1.981075e-15</td>\n",
       "      <td>-1.521105e-14</td>\n",
       "      <td>8.273047e-07</td>\n",
       "      <td>-1.043058e-06</td>\n",
       "    </tr>\n",
       "    <tr>\n",
       "      <th>PC5</th>\n",
       "      <td>-4.913963e-14</td>\n",
       "      <td>-3.065871e-15</td>\n",
       "      <td>3.109778e-14</td>\n",
       "      <td>-2.013986e-14</td>\n",
       "      <td>1.000000e+00</td>\n",
       "      <td>-3.867636e-15</td>\n",
       "      <td>9.479025e-14</td>\n",
       "      <td>-3.436784e-08</td>\n",
       "      <td>8.824172e-08</td>\n",
       "    </tr>\n",
       "    <tr>\n",
       "      <th>PC6</th>\n",
       "      <td>-9.066585e-14</td>\n",
       "      <td>-5.312801e-15</td>\n",
       "      <td>3.666252e-15</td>\n",
       "      <td>1.981075e-15</td>\n",
       "      <td>-3.867636e-15</td>\n",
       "      <td>1.000000e+00</td>\n",
       "      <td>-3.240766e-14</td>\n",
       "      <td>-3.352255e-07</td>\n",
       "      <td>1.172601e-07</td>\n",
       "    </tr>\n",
       "    <tr>\n",
       "      <th>PC7</th>\n",
       "      <td>-1.216340e-12</td>\n",
       "      <td>-1.346058e-12</td>\n",
       "      <td>3.949139e-13</td>\n",
       "      <td>-1.521105e-14</td>\n",
       "      <td>9.479025e-14</td>\n",
       "      <td>-3.240766e-14</td>\n",
       "      <td>1.000000e+00</td>\n",
       "      <td>-9.524812e-08</td>\n",
       "      <td>1.270148e-06</td>\n",
       "    </tr>\n",
       "    <tr>\n",
       "      <th>PC8</th>\n",
       "      <td>-2.224904e-06</td>\n",
       "      <td>6.078997e-07</td>\n",
       "      <td>7.854969e-07</td>\n",
       "      <td>8.273047e-07</td>\n",
       "      <td>-3.436784e-08</td>\n",
       "      <td>-3.352255e-07</td>\n",
       "      <td>-9.524812e-08</td>\n",
       "      <td>1.000000e+00</td>\n",
       "      <td>2.244729e-08</td>\n",
       "    </tr>\n",
       "    <tr>\n",
       "      <th>PC9</th>\n",
       "      <td>-8.506549e-07</td>\n",
       "      <td>1.338689e-06</td>\n",
       "      <td>-1.789293e-06</td>\n",
       "      <td>-1.043058e-06</td>\n",
       "      <td>8.824172e-08</td>\n",
       "      <td>1.172601e-07</td>\n",
       "      <td>1.270148e-06</td>\n",
       "      <td>2.244729e-08</td>\n",
       "      <td>1.000000e+00</td>\n",
       "    </tr>\n",
       "  </tbody>\n",
       "</table>\n",
       "</div>"
      ],
      "text/plain": [
       "              PC1           PC2           PC3           PC4           PC5  \\\n",
       "PC1  1.000000e+00 -9.833328e-17  4.645427e-16  5.181215e-16 -4.913963e-14   \n",
       "PC2 -9.833328e-17  1.000000e+00 -6.171900e-16 -5.500069e-16 -3.065871e-15   \n",
       "PC3  4.645427e-16 -6.171900e-16  1.000000e+00  3.475992e-16  3.109778e-14   \n",
       "PC4  5.181215e-16 -5.500069e-16  3.475992e-16  1.000000e+00 -2.013986e-14   \n",
       "PC5 -4.913963e-14 -3.065871e-15  3.109778e-14 -2.013986e-14  1.000000e+00   \n",
       "PC6 -9.066585e-14 -5.312801e-15  3.666252e-15  1.981075e-15 -3.867636e-15   \n",
       "PC7 -1.216340e-12 -1.346058e-12  3.949139e-13 -1.521105e-14  9.479025e-14   \n",
       "PC8 -2.224904e-06  6.078997e-07  7.854969e-07  8.273047e-07 -3.436784e-08   \n",
       "PC9 -8.506549e-07  1.338689e-06 -1.789293e-06 -1.043058e-06  8.824172e-08   \n",
       "\n",
       "              PC6           PC7           PC8           PC9  \n",
       "PC1 -9.066585e-14 -1.216340e-12 -2.224904e-06 -8.506549e-07  \n",
       "PC2 -5.312801e-15 -1.346058e-12  6.078997e-07  1.338689e-06  \n",
       "PC3  3.666252e-15  3.949139e-13  7.854969e-07 -1.789293e-06  \n",
       "PC4  1.981075e-15 -1.521105e-14  8.273047e-07 -1.043058e-06  \n",
       "PC5 -3.867636e-15  9.479025e-14 -3.436784e-08  8.824172e-08  \n",
       "PC6  1.000000e+00 -3.240766e-14 -3.352255e-07  1.172601e-07  \n",
       "PC7 -3.240766e-14  1.000000e+00 -9.524812e-08  1.270148e-06  \n",
       "PC8 -3.352255e-07 -9.524812e-08  1.000000e+00  2.244729e-08  \n",
       "PC9  1.172601e-07  1.270148e-06  2.244729e-08  1.000000e+00  "
      ]
     },
     "execution_count": 13,
     "metadata": {},
     "output_type": "execute_result"
    }
   ],
   "source": [
    "Z.corr()"
   ]
  },
  {
   "cell_type": "code",
   "execution_count": 14,
   "metadata": {},
   "outputs": [
    {
     "data": {
      "text/plain": [
       "array([[ 1.67908255e+02, -7.48437332e-15,  1.28460393e-14,\n",
       "         1.34926111e-14, -1.29585031e-14, -1.87867511e-14,\n",
       "        -9.00798547e-15, -1.86003868e-14, -2.44913175e-15],\n",
       "       [-7.48437332e-15,  2.39359359e+01, -6.10888336e-15,\n",
       "        -3.86113147e-15, -3.06458010e-16, -4.20357433e-16,\n",
       "        -3.76383357e-15,  1.91880913e-15,  1.45521680e-15],\n",
       "       [ 1.28460393e-14, -6.10888336e-15,  4.22729487e+00,\n",
       "         1.88329280e-15,  1.30108579e-15,  1.19627603e-16,\n",
       "         4.64079157e-16,  1.04195842e-15, -8.17401636e-16],\n",
       "       [ 1.34926111e-14, -3.86113147e-15,  1.88329280e-15,\n",
       "         2.84591986e+00, -6.93314562e-16,  5.36824225e-17,\n",
       "        -1.48578163e-17,  9.00433179e-16, -3.90969073e-16],\n",
       "       [-1.29585031e-14, -3.06458010e-16,  1.30108579e-15,\n",
       "        -6.93314562e-16,  4.13845496e-04, -1.33506136e-18,\n",
       "         1.09637603e-18, -4.51072207e-19,  3.98855704e-19],\n",
       "       [-1.87867511e-14, -4.20357433e-16,  1.19627603e-16,\n",
       "         5.36824225e-17, -1.33506136e-18,  2.55274324e-04,\n",
       "        -2.95668762e-19, -3.45553487e-18,  4.16271495e-19],\n",
       "       [-9.00798547e-15, -3.76383357e-15,  4.64079157e-16,\n",
       "        -1.48578163e-17,  1.09637603e-18, -2.95668762e-19,\n",
       "         3.26655239e-07, -3.51217305e-20,  1.61295338e-19],\n",
       "       [-1.86003868e-14,  1.91880913e-15,  1.04195842e-15,\n",
       "         9.00433179e-16, -4.51072207e-19, -3.45553487e-18,\n",
       "        -3.51217305e-20,  4.16245285e-19,  3.21781702e-27],\n",
       "       [-2.44913175e-15,  1.45521680e-15, -8.17401636e-16,\n",
       "        -3.90969073e-16,  3.98855704e-19,  4.16271495e-19,\n",
       "         1.61295338e-19,  3.21781702e-27,  4.93679905e-20]])"
      ]
     },
     "execution_count": 14,
     "metadata": {},
     "output_type": "execute_result"
    }
   ],
   "source": [
    "np.cov(Z.values.T)"
   ]
  },
  {
   "cell_type": "code",
   "execution_count": 15,
   "metadata": {},
   "outputs": [],
   "source": [
    "demo_pcs = ratespop2.copy()\n",
    "demo_pcs['PC1'] = Z.iloc[:,0]\n",
    "demo_pcs['PC2'] = Z.iloc[:,1]\n",
    "\n",
    "demo_pcs = pd.melt(demo_pcs, id_vars=['PC1','PC2'])"
   ]
  },
  {
   "cell_type": "code",
   "execution_count": 16,
   "metadata": {},
   "outputs": [
    {
     "data": {
